-0.000000000e+00,3.172793350e-02,6.342391966e-02,9.505604330e-02,1.265924536e-01,1.580013960e-01,1.892512444e-01,2.203105328e-01,2.511479872e-01,2.817325568e-01,3.120334457e-01,3.420201433e-01,3.716624557e-01,4.009305354e-01,4.297949121e-01,4.582265217e-01,4.861967361e-01,5.136773916e-01,5.406408175e-01,5.670598639e-01,5.929079291e-01,6.181589862e-01,6.427876097e-01,6.667690005e-01,6.900790115e-01,7.126941714e-01,7.345917087e-01,7.557495744e-01,7.761464643e-01,7.957618405e-01,8.145759521e-01,8.325698546e-01,8.497254299e-01,8.660254038e-01,8.814533634e-01,8.959937743e-01,9.096319954e-01,9.223542941e-01,9.341478603e-01,9.450008187e-01,9.549022414e-01,9.638421586e-01,9.718115683e-01,9.788024462e-01,9.848077530e-01,9.898214419e-01,9.938384645e-01,9.968547760e-01,9.988673392e-01,9.998741277e-01,9.998741277e-01,9.988673392e-01,9.968547760e-01,9.938384645e-01,9.898214419e-01,9.848077530e-01,9.788024462e-01,9.718115683e-01,9.638421586e-01,9.549022414e-01,9.450008187e-01,9.341478603e-01,9.223542941e-01,9.096319954e-01,8.959937743e-01,8.814533634e-01,8.660254038e-01,8.497254299e-01,8.325698546e-01,8.145759521e-01,7.957618405e-01,7.761464643e-01,7.557495744e-01,7.345917087e-01,7.126941714e-01,6.900790115e-01,6.667690005e-01,6.427876097e-01,6.181589862e-01,5.929079291e-01,5.670598639e-01,5.406408175e-01,5.136773916e-01,4.861967361e-01,4.582265217e-01,4.297949121e-01,4.009305354e-01,3.716624557e-01,3.420201433e-01,3.120334457e-01,2.817325568e-01,2.511479872e-01,2.203105328e-01,1.892512444e-01,1.580013960e-01,1.265924536e-01,9.505604330e-02,6.342391966e-02,3.172793350e-02,-0.000000000e+00
-3.172793350e-02,7.465495620e-18,3.166587221e-02,6.323956917e-02,9.469100901e-02,1.259901740e-01,1.571071422e-01,1.880121197e-01,2.186754715e-01,2.490677533e-01,2.791597425e-01,3.089224687e-01,3.383272447e-01,3.673456960e-01,3.959497914e-01,4.241118715e-01,4.518046784e-01,4.790013838e-01,5.056756174e-01,5.318014941e-01,5.573536410e-01,5.823072242e-01,6.066379744e-01,6.303222124e-01,6.533368733e-01,6.756595310e-01,6.972684211e-01,7.181424638e-01,7.382612857e-01,7.576052407e-01,7.761554306e-01,7.938937249e-01,8.108027792e-01,8.268660532e-01,8.420678281e-01,8.563932228e-01,8.698282092e-01,8.823596266e-01,8.939751958e-01,9.046635314e-01,9.144141536e-01,9.232174993e-01,9.310649319e-01,9.379487502e-01,9.438621963e-01,9.487994630e-01,9.527556993e-01,9.557270159e-01,9.577104891e-01,9.587041637e-01,9.587070553e-01,9.577191514e-01,9.557414110e-01,9.527757644e-01,9.488251107e-01,9.438933148e-01,9.379852040e-01,9.311065626e-01,9.232641261e-01,9.144655744e-01,9.047195236e-01,8.940355177e-01,8.824240181e-01,8.698963934e-01,8.564649073e-01,8.421427064e-01,8.269438059e-01,8.108830758e-01,7.939762254e-01,7.762397867e-01,7.576910978e-01,7.383482845e-01,7.182302417e-01,6.973566139e-01,6.757477748e-01,6.534248060e-01,6.304094750e-01,6.067242130e-01,5.823920911e-01,5.574367966e-01,5.318826081e-01,5.057543702e-01,4.790774677e-01,4.518777989e-01,4.241817487e-01,3.960161608e-01,3.674083095e-01,3.383858716e-01,3.089768967e-01,2.792097781e-01,2.491132227e-01,2.187162210e-01,1.880480164e-01,1.571380743e-01,1.260160508e-01,9.471176166e-02,6.325515035e-02,3.167625635e-02,5.183230116e-06,-3.172793350e-02
-6.342391966e-02,-3.166587221e-02,1.107201455e-17,3.154535211e-02,6.294183924e-02,9.416114843e-02,1.251750305e-01,1.559553316e-01,1.864740247e-01,2.167032408e-01,2.466152998e-01,2.761827410e-01,3.053783535e-01,3.341752062e-01,3.625466773e-01,3.904664833e-01,4.179087079e-01,4.448478301e-01,4.712587521e-01,4.971168266e-01,5.223978832e-01,5.470782549e-01,5.711348035e-01,5.945449444e-01,6.172866715e-01,6.393385801e-01,6.606798906e-01,6.812904701e-01,7.011508549e-01,7.202422703e-01,7.385466516e-01,7.560466628e-01,7.727257154e-01,7.885679861e-01,8.035584338e-01,8.176828153e-01,8.309277009e-01,8.432804883e-01,8.547294165e-01,8.652635781e-01,8.748729310e-01,8.835483088e-01,8.912814312e-01,8.980649125e-01,9.038922692e-01,9.087579278e-01,9.126572299e-01,9.155864376e-01,9.175427378e-01,9.185242447e-01,9.185300025e-01,9.175599860e-01,9.156151009e-01,9.126971833e-01,9.088089972e-01,9.039542321e-01,8.981374991e-01,8.913643262e-01,8.836411522e-01,8.749753204e-01,8.653750706e-01,8.548495306e-01,8.434087063e-01,8.310634716e-01,8.178255566e-01,8.037075352e-01,7.887228119e-01,7.728856075e-01,7.562109441e-01,7.387146289e-01,7.204132376e-01,7.013240964e-01,6.814652640e-01,6.608555119e-01,6.395143041e-01,6.174617768e-01,5.947187165e-01,5.713065373e-01,5.472472584e-01,5.225634799e-01,4.972783586e-01,4.714155829e-01,4.449993469e-01,4.180543243e-01,3.906056417e-01,3.626788507e-01,3.342999006e-01,3.054951094e-01,2.762911352e-01,2.467149470e-01,2.167937947e-01,1.865551793e-01,1.560268219e-01,1.252366337e-01,9.421268404e-02,6.298316981e-02,3.157638338e-02,2.068097490e-05,-3.165554931e-02,-6.342391966e-02
-9.505604330e-02,-6.323956917e-02,-3.154535211e-02,-1.846082244e-17,3.136984727e-02,6.253754972e-02,9.347649910e-02,1.241601504e-01,1.545620533e-01,1.846558830e-01,2.144154712e-01,2.438148366e-01,2.728282149e-01,3.014300884e-01,3.295952156e-01,3.572986600e-01,3.845158186e-01,4.112224499e-01,4.373947014e-01,4.630091365e-01,4.880427612e-01,5.124730497e-01,5.362779696e-01,5.594360071e-01,5.819261905e-01,6.037281138e-01,6.248219594e-01,6.451885203e-01,6.648092209e-01,6.836661382e-01,7.017420213e-01,7.190203103e-01,7.354851551e-01,7.511214322e-01,7.659147621e-01,7.798515245e-01,7.929188737e-01,8.051047526e-01,8.163979057e-01,8.267878923e-01,8.362650969e-01,8.448207406e-01,8.524468906e-01,8.591364687e-01,8.648832594e-01,8.696819168e-01,8.735279702e-01,8.764178296e-01,8.783487893e-01,8.793190314e-01,8.793276274e-01,8.783745398e-01,8.764606222e-01,8.735876184e-01,8.697581605e-01,8.649757667e-01,8.592448370e-01,8.525706489e-01,8.449593518e-01,8.364179603e-01,8.269543467e-01,8.165772324e-01,8.052961789e-01,7.931215769e-01,7.800646354e-01,7.661373695e-01,7.513525872e-01,7.357238754e-01,7.192655850e-01,7.019928154e-01,6.839213978e-01,6.650678775e-01,6.454494961e-01,6.250841722e-01,6.039904814e-01,5.821876361e-01,5.596954637e-01,5.365343846e-01,5.127253897e-01,4.882900162e-01,4.632503240e-01,4.376288709e-01,4.114486864e-01,3.847332465e-01,3.575064464e-01,3.297925736e-01,3.016162801e-01,2.730025540e-01,2.439766912e-01,2.145642656e-01,1.847911000e-01,1.546832357e-01,1.242669025e-01,9.356848775e-02,6.261450537e-02,3.143156448e-02,4.633786778e-05,-3.151446985e-02,-6.322415426e-02,-9.505604330e-02
-1.265924536e-01,-9.469100901e-02,-6.294183924e-02,-3.136984727e-02,-9.045983908e-18,3.114270377e-02,6.203326509e-02,9.264671643e-02,1.229581529e-01,1.529427633e-01,1.825758606e-01,2.118329126e-01,2.406895715e-01,2.691217040e-01,2.971054197e-01,3.246171005e-01,3.516334286e-01,3.781314144e-01,4.040884234e-01,4.294822035e-01,4.542909107e-01,4.784931351e-01,5.020679256e-01,5.249948146e-01,5.472538415e-01,5.688255761e-01,5.896911410e-01,6.098322330e-01,6.292311446e-01,6.478707844e-01,6.657346960e-01,6.828070776e-01,6.990727995e-01,7.145174219e-01,7.291272107e-01,7.428891537e-01,7.557909751e-01,7.678211495e-01,7.789689152e-01,7.892242861e-01,7.985780634e-01,8.070218461e-01,8.145480400e-01,8.211498671e-01,8.268213729e-01,8.315574337e-01,8.353537616e-01,8.382069107e-01,8.401142801e-01,8.410741177e-01,8.410855216e-01,8.401484424e-01,8.382636822e-01,8.354328948e-01,8.316585837e-01,8.269440995e-01,8.212936362e-01,8.147122271e-01,8.072057386e-01,7.987808648e-01,7.894451190e-01,7.792068263e-01,7.680751141e-01,7.560599017e-01,7.431718895e-01,7.294225469e-01,7.148240997e-01,6.993895159e-01,6.831324915e-01,6.660674346e-01,6.482094493e-01,6.295743186e-01,6.101784861e-01,5.900390374e-01,5.691736803e-01,5.476007246e-01,5.253390610e-01,5.024081388e-01,4.788279438e-01,4.546189748e-01,4.298022194e-01,4.043991298e-01,3.784315971e-01,3.519219257e-01,3.248928065e-01,2.973672904e-01,2.693687600e-01,2.409209022e-01,2.120476789e-01,1.827732986e-01,1.531221863e-01,1.231189540e-01,9.278837029e-02,6.215532944e-02,3.124482063e-02,8.189652733e-05,-3.130835829e-02,-6.290085921e-02,-9.467055371e-02,-1.265924536e-01
-1.580013960e-01,-1.259901740e-01,-9.416114843e-02,-6.253754972e-02,-3.114270377e-02,-1.594200882e-17,3.086714037e-02,6.143529592e-02,9.168107622e-02,1.215811528e-01,1.511122895e-01,1.802513732e-01,2.089754431e-01,2.372617206e-01,2.650876378e-01,2.924308667e-01,3.192693466e-01,3.455813122e-01,3.713453206e-01,3.965402773e-01,4.211454630e-01,4.451405582e-01,4.685056687e-01,4.912213490e-01,5.132686266e-01,5.346290243e-01,5.552845829e-01,5.752178822e-01,5.944120623e-01,6.128508433e-01,6.305185449e-01,6.474001049e-01,6.634810973e-01,6.787477488e-01,6.931869556e-01,7.067862986e-01,7.195340580e-01,7.314192273e-01,7.424315261e-01,7.525614121e-01,7.618000927e-01,7.701395351e-01,7.775724757e-01,7.840924290e-01,7.896936951e-01,7.943713664e-01,7.981213337e-01,8.009402911e-01,8.028257399e-01,8.037759919e-01,8.037901714e-01,8.028682166e-01,8.010108797e-01,7.982197265e-01,7.944971347e-01,7.898462915e-01,7.842711899e-01,7.777766244e-01,7.703681860e-01,7.620522554e-01,7.528359961e-01,7.427273463e-01,7.317350097e-01,7.198684456e-01,7.071378582e-01,6.935541846e-01,6.791290822e-01,6.638749150e-01,6.478047397e-01,6.309322898e-01,6.132719599e-01,5.948387883e-01,5.756484399e-01,5.557171867e-01,5.350618894e-01,5.136999762e-01,4.916494228e-01,4.689287302e-01,4.455569022e-01,4.215534228e-01,3.969382319e-01,3.717317012e-01,3.459546089e-01,3.196281141e-01,2.927737302e-01,2.654132985e-01,2.375689602e-01,2.092631287e-01,1.805184612e-01,1.513578293e-01,1.218042902e-01,9.188105617e-02,6.161146463e-02,3.101894744e-02,1.269998872e-04,-3.104085073e-02,-6.246107670e-02,-9.411018185e-02,-1.259647337e-01,-1.580013960e-01
-1.892512444e-01,-1.571071422e-01,-1.251750305e-01,-9.347649910e-02,-6.203326509e-02,-3.086714037e-02,3.013943053e-18,3.054624941e-02,6.074970086e-02,9.058847788e-02,1.200407651e-01,1.490848382e-01,1.776990939e-01,2.058620792e-01,2.335525201e-01,2.607493501e-01,2.874317382e-01,3.135791162e-01,3.391712057e-01,3.641880441e-01,3.886100109e-01,4.124178523e-01,4.355927062e-01,4.581161261e-01,4.799701040e-01,5.011370937e-01,5.216000324e-01,5.413423619e-01,5.603480495e-01,5.786016078e-01,5.960881137e-01,6.127932269e-01,6.287032075e-01,6.438049329e-01,6.580859140e-01,6.715343102e-01,6.841389440e-01,6.958893149e-01,7.067756119e-01,7.167887254e-01,7.259202588e-01,7.341625384e-01,7.415086226e-01,7.479523112e-01,7.534881521e-01,7.581114488e-01,7.618182658e-01,7.646054336e-01,7.664705531e-01,7.674119983e-01,7.674289186e-01,7.665212402e-01,7.646896665e-01,7.619356774e-01,7.582615278e-01,7.536702453e-01,7.481656268e-01,7.417522342e-01,7.344353892e-01,7.262211673e-01,7.171163906e-01,7.071286198e-01,6.962661456e-01,6.845379784e-01,6.719538384e-01,6.585241432e-01,6.442599957e-01,6.291731710e-01,6.132761017e-01,5.965818632e-01,5.791041575e-01,5.608572965e-01,5.418561848e-01,5.221163007e-01,5.016536774e-01,4.804848830e-01,4.586269994e-01,4.360976016e-01,4.129147345e-01,3.890968909e-01,3.646629871e-01,3.396323394e-01,3.140246382e-01,2.878599233e-01,2.611585573e-01,2.339411989e-01,2.062287752e-01,1.780424547e-01,1.494036177e-01,1.203338284e-01,9.085480506e-02,6.098839007e-02,3.075651992e-02,1.811944294e-04,-3.071555430e-02,-6.191169326e-02,-9.338522026e-02,-1.251141960e-01,-1.570767762e-01,-1.892512444e-01
-2.203105328e-01,-1.880121197e-01,-1.559553316e-01,-1.241601504e-01,-9.264671643e-02,-6.143529592e-02,-3.054624941e-02,-4.247170602e-18,3.018299776e-02,5.998228883e-02,8.937744808e-02,1.183481105e-01,1.468740006e-01,1.749349620e-01,2.025109860e-01,2.295822397e-01,2.561290939e-01,2.821321506e-01,3.075722693e-01,3.324305934e-01,3.566885756e-01,3.803280032e-01,4.033310222e-01,4.256801610e-01,4.473583540e-01,4.683489633e-01,4.886358012e-01,5.082031508e-01,5.270357866e-01,5.451189944e-01,5.624385897e-01,5.789809364e-01,5.947329641e-01,6.096821846e-01,6.238167081e-01,6.371252583e-01,6.495971866e-01,6.612224854e-01,6.719918014e-01,6.818964470e-01,6.909284112e-01,6.990803704e-01,7.063456970e-01,7.127184683e-01,7.181934742e-01,7.227662234e-01,7.264329497e-01,7.291906165e-01,7.310369216e-01,7.319702993e-01,7.319899235e-01,7.310957088e-01,7.292883105e-01,7.265691247e-01,7.229402866e-01,7.184046681e-01,7.129658749e-01,7.066282419e-01,6.993968284e-01,6.912774122e-01,6.822764823e-01,6.724012316e-01,6.616595477e-01,6.500600037e-01,6.376118474e-01,6.243249899e-01,6.102099937e-01,5.952780591e-01,5.795410101e-01,5.630112802e-01,5.457018957e-01,5.276264601e-01,5.087991360e-01,4.892346271e-01,4.689481595e-01,4.479554613e-01,4.262727427e-01,4.039166743e-01,3.809043652e-01,3.572533402e-01,3.329815161e-01,3.081071781e-01,2.826489544e-01,2.566257914e-01,2.300569269e-01,2.029618638e-01,1.753603430e-01,1.472723153e-01,1.187179130e-01,8.971742136e-02,6.029124902e-02,3.045989816e-02,2.439342923e-04,-3.033604445e-02,-6.125943840e-02,-9.250567779e-02,-1.240542546e-01,-1.558847548e-01,-1.879768904e-01,-2.203105328e-01
-2.511479872e-01,-2.186754715e-01,-1.864740247e-01,-1.545620533e-01,-1.229581529e-01,-9.168107622e-02,-6.074970086e-02,-3.018299776e-02,-4.848263046e-18,2.978022816e-02,5.913862170e-02,8.805614489e-02,1.165138209e-01,1.444927610e-01,1.719741930e-01,1.989394898e-01,2.253701967e-01,2.512480587e-01,2.765550470e-01,3.012733850e-01,3.253855736e-01,3.488744164e-01,3.717230435e-01,3.939149352e-01,4.154339451e-01,4.362643220e-01,4.563907319e-01,4.757982786e-01,4.944725241e-01,5.123995082e-01,5.295657667e-01,5.459583503e-01,5.615648411e-01,5.763733696e-01,5.903726303e-01,6.035518968e-01,6.159010357e-01,6.274105204e-01,6.380714432e-01,6.478755275e-01,6.568151385e-01,6.648832932e-01,6.720736701e-01,6.783806171e-01,6.837991591e-01,6.883250050e-01,6.919545533e-01,6.946848971e-01,6.965138280e-01,6.974398394e-01,6.974621287e-01,6.965805989e-01,6.947958586e-01,6.921092220e-01,6.885227076e-01,6.840390355e-01,6.786616249e-01,6.723945895e-01,6.652427328e-01,6.572115422e-01,6.483071823e-01,6.385364873e-01,6.279069521e-01,6.164267232e-01,6.041045881e-01,5.909499644e-01,5.769728872e-01,5.621839966e-01,5.465945236e-01,5.302162753e-01,5.130616195e-01,4.951434685e-01,4.764752615e-01,4.570709467e-01,4.369449626e-01,4.161122184e-01,3.945880732e-01,3.723883156e-01,3.495291410e-01,3.260271295e-01,3.018992225e-01,2.771626986e-01,2.518351487e-01,2.259344511e-01,1.994787453e-01,1.724864053e-01,1.449760126e-01,1.169663284e-01,8.847626501e-02,5.952485755e-02,3.013123413e-02,3.145862177e-04,-2.990586167e-02,-6.051088275e-02,-9.148127906e-02,-1.227979131e-01,-1.544417396e-01,-1.863938381e-01,-2.186354450e-01,-2.511479872e-01
-2.817325568e-01,-2.490677533e-01,-2.167032408e-01,-1.846558830e-01,-1.529427633e-01,-1.215811528e-01,-9.058847788e-02,-5.998228883e-02,-2.978022816e-02,-1.439207687e-17,2.934066051e-02,5.822401719e-02,8.663236243e-02,1.145480462e-01,1.419535049e-01,1.688312889e-01,1.951640906e-01,2.209347714e-01,2.461263879e-01,2.707222176e-01,2.947057849e-01,3.180608850e-01,3.407716083e-01,3.628223637e-01,3.841979017e-01,4.048833359e-01,4.248641649e-01,4.441262928e-01,4.626560495e-01,4.804402096e-01,4.974660116e-01,5.137211750e-01,5.291939184e-01,5.438729750e-01,5.577476086e-01,5.708076285e-01,5.830434036e-01,5.944458754e-01,6.050065705e-01,6.147176128e-01,6.235717335e-01,6.315622817e-01,6.386832336e-01,6.449292005e-01,6.502954365e-01,6.547778452e-01,6.583729855e-01,6.610780763e-01,6.628910008e-01,6.638103097e-01,6.638352233e-01,6.629656329e-01,6.612021018e-01,6.585458644e-01,6.549988251e-01,6.505635563e-01,6.452432952e-01,6.390419401e-01,6.319640452e-01,6.240148151e-01,6.152000983e-01,6.055263793e-01,5.950007705e-01,5.836310027e-01,5.714254149e-01,5.583929437e-01,5.445431104e-01,5.298860092e-01,5.144322929e-01,4.981931583e-01,4.811803314e-01,4.634060506e-01,4.448830497e-01,4.256245406e-01,4.056441938e-01,3.849561197e-01,3.635748477e-01,3.415153057e-01,3.187927982e-01,2.954229837e-01,2.714218514e-01,2.468056978e-01,2.215911014e-01,1.957948982e-01,1.694341551e-01,1.425261438e-01,1.150883135e-01,8.713826350e-02,5.869371430e-02,2.977247932e-02,3.924352932e-04,-2.942850753e-02,-5.967243574e-02,-9.032146355e-02,-1.213577641e-01,-1.527636009e-01,-1.845213602e-01,-2.166135832e-01,-2.490229988e-01,-2.817325568e-01
-3.120334457e-01,-2.791597425e-01,-2.466152998e-01,-2.144154712e-01,-1.825758606e-01,-1.511122895e-01,-1.200407651e-01,-8.937744808e-02,-5.913862170e-02,-2.934066051e-02,-7.942489042e-18,2.886689344e-02,5.724355209e-02,8.511353594e-02,1.124604612e-01,1.392680284e-01,1.655200498e-01,1.912004761e-01,2.162934231e-01,2.407831975e-01,2.646543215e-01,2.878915578e-01,3.104799336e-01,3.324047634e-01,3.536516720e-01,3.742066162e-01,3.940559062e-01,4.131862263e-01,4.315846545e-01,4.492386820e-01,4.661362313e-01,4.822656743e-01,4.976158489e-01,5.121760756e-01,5.259361730e-01,5.388864721e-01,5.510178305e-01,5.623216459e-01,5.727898679e-01,5.824150097e-01,5.911901594e-01,5.991089891e-01,6.061657648e-01,6.123553542e-01,6.176732344e-01,6.221154984e-01,6.256788612e-01,6.283606641e-01,6.301588794e-01,6.310721133e-01,6.310996083e-01,6.302412447e-01,6.284975409e-01,6.258696537e-01,6.223593765e-01,6.179691376e-01,6.127019973e-01,6.065616437e-01,5.995523883e-01,5.916791605e-01,5.829475005e-01,5.733635526e-01,5.629340564e-01,5.516663380e-01,5.395682996e-01,5.266484091e-01,5.129156877e-01,4.983796974e-01,4.830505279e-01,4.669387817e-01,4.500555590e-01,4.324124417e-01,4.140214768e-01,3.948951578e-01,3.750464073e-01,3.544885568e-01,3.332353269e-01,3.113008067e-01,2.886994317e-01,2.654459616e-01,2.415554573e-01,2.170432571e-01,1.919249521e-01,1.662163609e-01,1.399335040e-01,1.130925773e-01,8.570992485e-02,5.780201123e-02,2.938539333e-02,4.766914392e-04,-2.890744010e-02,-5.875034282e-02,-8.903538449e-02,-1.197459900e-01,-1.508656728e-01,-1.823780665e-01,-2.142669572e-01,-2.465163160e-01,-2.791103321e-01,-3.120334457e-01
-3.420201433e-01,-3.089224687e-01,-2.761827410e-01,-2.438148366e-01,-2.118329126e-01,-1.802513732e-01,-1.490848382e-01,-1.183481105e-01,-8.805614489e-02,-5.822401719e-02,-2.886689344e-02,-1.523072420e-19,2.836140602e-02,5.620206578e-02,8.350674722e-02,1.102602730e-01,1.364475480e-01,1.620535859e-01,1.870635358e-01,2.114627074e-01,2.352365964e-01,2.583709089e-01,2.808515850e-01,3.026648218e-01,3.237970965e-01,3.442351874e-01,3.639661956e-01,3.829775654e-01,4.012571036e-01,4.187929991e-01,4.355738410e-01,4.515886361e-01,4.668268257e-01,4.812783020e-01,4.949334235e-01,5.077830291e-01,5.198184524e-01,5.310315348e-01,5.414146375e-01,5.509606531e-01,5.596630162e-01,5.675157137e-01,5.745132934e-01,5.806508725e-01,5.859241449e-01,5.903293879e-01,5.938634681e-01,5.965238461e-01,5.983085806e-01,5.992163318e-01,5.992463637e-01,5.983985455e-01,5.966733524e-01,5.940718651e-01,5.905957690e-01,5.862473523e-01,5.810295027e-01,5.749457040e-01,5.680000315e-01,5.601971461e-01,5.515422886e-01,5.420412716e-01,5.317004723e-01,5.205268224e-01,5.085277992e-01,4.957114140e-01,4.820862010e-01,4.676612045e-01,4.524459657e-01,4.364505081e-01,4.196853229e-01,4.021613527e-01,3.838899748e-01,3.648829840e-01,3.451525735e-01,3.247113164e-01,3.035721452e-01,2.817483314e-01,2.592534637e-01,2.361014260e-01,2.123063741e-01,1.878827122e-01,1.628450683e-01,1.372082693e-01,1.109873150e-01,8.419735172e-02,5.685364526e-02,2.897155319e-02,5.664965836e-04,-2.834606886e-02,-5.775068224e-02,-8.763190739e-02,-1.179743634e-01,-1.487627555e-01,-1.799819067e-01,-2.116167894e-01,-2.436525581e-01,-2.760745817e-01,-3.088684774e-01,-3.420201433e-01
-3.716624557e-01,-3.383272447e-01,-3.053783535e-01,-2.728282149e-01,-2.406895715e-01,-2.089754431e-01,-1.776990939e-01,-1.468740006e-01,-1.165138209e-01,-8.663236243e-02,-5.724355209e-02,-2.836140602e-02,9.912535842e-19,2.782655953e-02,5.510416396e-02,8.181873047e-02,1.079562293e-01,1.335027106e-01,1.584443306e-01,1.827673770e-01,2.064582941e-01,2.295037070e-01,2.518904455e-01,2.736055667e-01,2.946363777e-01,3.149704571e-01,3.345956762e-01,3.535002191e-01,3.716726024e-01,3.891016944e-01,4.057767326e-01,4.216873419e-01,4.368235510e-01,4.511758084e-01,4.647349977e-01,4.774924523e-01,4.894399687e-01,5.005698200e-01,5.108747677e-01,5.203480733e-01,5.289835089e-01,5.367753670e-01,5.437184696e-01,5.498081764e-01,5.550403922e-01,5.594115736e-01,5.629187344e-01,5.655594510e-01,5.673318663e-01,5.682346928e-01,5.682672153e-01,5.674292922e-01,5.657213563e-01,5.631444145e-01,5.597000473e-01,5.553904059e-01,5.502182106e-01,5.441867462e-01,5.372998579e-01,5.295619461e-01,5.209779596e-01,5.115533888e-01,5.012942577e-01,4.902071148e-01,4.782990235e-01,4.655775513e-01,4.520507584e-01,4.377271850e-01,4.226158387e-01,4.067261795e-01,3.900681058e-01,3.726519378e-01,3.544884014e-01,3.355886104e-01,3.159640484e-01,2.956265497e-01,2.745882794e-01,2.528617129e-01,2.304596139e-01,2.073950132e-01,1.836811847e-01,1.593316225e-01,1.343600161e-01,1.087802258e-01,8.260625627e-02,5.585223068e-02,2.853236342e-02,6.609324605e-04,-2.774774901e-02,-5.667936144e-02,-8.611960840e-02,-1.160542466e-01,-1.464691165e-01,-1.773501733e-01,-2.086835187e-01,-2.404554327e-01,-2.726524064e-01,-3.052611747e-01,-3.382687500e-01,-3.716624557e-01
-4.009305354e-01,-3.673456960e-01,-3.341752062e-01,-3.014300884e-01,-2.691217040e-01,-2.372617206e-01,-2.058620792e-01,-1.749349620e-01,-1.444927610e-01,-1.145480462e-01,-8.511353594e-02,-5.620206578e-02,-2.782655953e-02,-4.175413488e-18,2.726459943e-02,5.395422273e-02,8.005587851e-02,1.055566268e-01,1.304436049e-01,1.547040534e-01,1.783253404e-01,2.012949862e-01,2.236006867e-01,2.452303363e-01,2.661720502e-01,2.864141858e-01,3.059453640e-01,3.247544891e-01,3.428307682e-01,3.601637303e-01,3.767432442e-01,3.925595359e-01,4.076032053e-01,4.218652420e-01,4.353370406e-01,4.480104148e-01,4.598776115e-01,4.709313235e-01,4.811647015e-01,4.905713655e-01,4.991454156e-01,5.068814415e-01,5.137745318e-01,5.198202817e-01,5.250148011e-01,5.293547203e-01,5.328371967e-01,5.354599189e-01,5.372211116e-01,5.381195381e-01,5.381545032e-01,5.373258548e-01,5.356339844e-01,5.330798273e-01,5.296648614e-01,5.253911053e-01,5.202611160e-01,5.142779850e-01,5.074453339e-01,4.997673094e-01,4.912485766e-01,4.818943125e-01,4.717101979e-01,4.607024085e-01,4.488776051e-01,4.362429237e-01,4.228059633e-01,4.085747742e-01,3.935578446e-01,3.777640868e-01,3.612028222e-01,3.438837656e-01,3.258170091e-01,3.070130040e-01,2.874825433e-01,2.672367424e-01,2.462870196e-01,2.246450750e-01,2.023228698e-01,1.793326036e-01,1.556866919e-01,1.313977426e-01,1.064785310e-01,8.094197580e-02,5.480111231e-02,2.806906677e-02,7.590289650e-04,-2.711577542e-02,-5.554211313e-02,-8.450677233e-02,-1.139965921e-01,-1.439984926e-01,-1.744995056e-01,-2.054868059e-01,-2.369477431e-01,-2.688698732e-01,-3.012409923e-01,-3.340491690e-01,-3.672827782e-01,-4.009305354e-01
-4.297949121e-01,-3.959497914e-01,-3.625466773e-01,-3.295952156e-01,-2.971054197e-01,-2.650876378e-01,-2.335525201e-01,-2.025109860e-01,-1.719741930e-01,-1.419535049e-01,-1.124604612e-01,-8.350674722e-02,-5.510416396e-02,-2.726459943e-02,-7.387130435e-18,2.667765743e-02,5.275639274e-02,7.822424928e-02,1.030693199e-01,1.272797724e-01,1.508438743e-01,1.737500171e-01,1.959867395e-01,2.175427506e-01,2.384069517e-01,2.585684580e-01,2.780166194e-01,2.967410404e-01,3.147315998e-01,3.319784692e-01,3.484721308e-01,3.642033953e-01,3.791634177e-01,3.933437136e-01,4.067361739e-01,4.193330797e-01,4.311271152e-01,4.421113811e-01,4.522794061e-01,4.616251587e-01,4.701430576e-01,4.778279813e-01,4.846752769e-01,4.906807689e-01,4.958407658e-01,5.001520673e-01,5.036119696e-01,5.062182706e-01,5.079692741e-01,5.088637928e-01,5.089011510e-01,5.080811862e-01,5.064042497e-01,5.038712071e-01,5.004834366e-01,4.962428279e-01,4.911517794e-01,4.852131946e-01,4.784304779e-01,4.708075293e-01,4.623487384e-01,4.530589776e-01,4.429435941e-01,4.320084010e-01,4.202596685e-01,4.077041126e-01,3.943488844e-01,3.802015578e-01,3.652701164e-01,3.495629396e-01,3.330887883e-01,3.158567886e-01,2.978764161e-01,2.791574781e-01,2.597100960e-01,2.395446861e-01,2.186719399e-01,1.971028037e-01,1.748484577e-01,1.519202930e-01,1.283298898e-01,1.040889932e-01,7.920948910e-02,5.370337925e-02,2.758275541e-02,8.597729882e-04,-2.645337606e-02,-5.434449097e-02,-8.280139057e-02,-1.118119422e-01,-1.413640916e-01,-1.714458928e-01,-2.020455390e-01,-2.331513940e-01,-2.647520241e-01,-2.968362303e-01,-3.293930814e-01,-3.624119472e-01,-3.958825328e-01,-4.297949121e-01
-4.582265217e-01,-4.241118715e-01,-3.904664833e-01,-3.572986600e-01,-3.246171005e-01,-2.924308667e-01,-2.607493501e-01,-2.295822397e-01,-1.989394898e-01,-1.688312889e-01,-1.392680284e-01,-1.102602730e-01,-8.181873047e-02,-5.395422273e-02,-2.667765743e-02,-4.809383957e-18,2.606775365e-02,5.151460375e-02,7.632957275e-02,1.005017306e-01,1.240202197e-01,1.468742786e-01,1.690532659e-01,1.905466827e-01,2.113441946e-01,2.314356534e-01,2.508111176e-01,2.694608725e-01,2.873754493e-01,3.045456441e-01,3.209625353e-01,3.366175013e-01,3.515022366e-01,3.656087676e-01,3.789294676e-01,3.914570712e-01,4.031846874e-01,4.141058129e-01,4.242143437e-01,4.335045867e-01,4.419712696e-01,4.496095512e-01,4.564150301e-01,4.623837527e-01,4.675122208e-01,4.717973981e-01,4.752367157e-01,4.778280776e-01,4.795698641e-01,4.804609360e-01,4.805006362e-01,4.796887922e-01,4.780257163e-01,4.755122060e-01,4.721495432e-01,4.679394920e-01,4.628842969e-01,4.569866787e-01,4.502498308e-01,4.426774139e-01,4.342735499e-01,4.250428152e-01,4.149902331e-01,4.041212650e-01,3.924418009e-01,3.799581495e-01,3.666770267e-01,3.526055435e-01,3.377511933e-01,3.221218382e-01,3.057256940e-01,2.885713151e-01,2.706675780e-01,2.520236642e-01,2.326490424e-01,2.125534492e-01,1.917468700e-01,1.702395184e-01,1.480418147e-01,1.251643645e-01,1.016179353e-01,7.741343327e-02,5.256187909e-02,2.707438269e-02,9.621176557e-04,-2.576370523e-02,-5.309186509e-02,-8.101115876e-02,-1.095104292e-01,-1.385785947e-01,-1.682046783e-01,-1.983778386e-01,-2.290874000e-01,-2.603228848e-01,-2.920740450e-01,-3.243308948e-01,-3.570837438e-01,-3.903232305e-01,-4.240403566e-01,-4.582265217e-01
-4.861967361e-01,-4.518046784e-01,-4.179087079e-01,-3.845158186e-01,-3.516334286e-01,-3.192693466e-01,-2.874317382e-01,-2.561290939e-01,-2.253701967e-01,-1.951640906e-01,-1.655200498e-01,-1.364475480e-01,-1.079562293e-01,-8.005587851e-02,-5.275639274e-02,-2.606775365e-02,-2.126384288e-17,2.543679890e-02,5.023256922e-02,7.437725799e-02,9.786085776e-02,1.206734306e-01,1.428051317e-01,1.642462315e-01,1.849871384e-01,2.050184197e-01,2.243308220e-01,2.429152918e-01,2.607629940e-01,2.778653311e-01,2.942139603e-01,3.098008111e-01,3.246181019e-01,3.386583547e-01,3.519144110e-01,3.643794456e-01,3.760469800e-01,3.869108950e-01,3.969654430e-01,4.062052589e-01,4.146253707e-01,4.222212089e-01,4.289886160e-01,4.349238539e-01,4.400236116e-01,4.442850120e-01,4.477056170e-01,4.502834332e-01,4.520169155e-01,4.529049710e-01,4.529469608e-01,4.521427024e-01,4.504924704e-01,4.479969963e-01,4.446574679e-01,4.404755279e-01,4.354532713e-01,4.295932416e-01,4.228984275e-01,4.153722574e-01,4.070185933e-01,3.978417245e-01,3.878463599e-01,3.770376193e-01,3.654210242e-01,3.530024877e-01,3.397883031e-01,3.257851324e-01,3.109999930e-01,2.954402446e-01,2.791135742e-01,2.620279808e-01,2.441917593e-01,2.256134836e-01,2.063019882e-01,1.862663500e-01,1.655158682e-01,1.440600445e-01,1.219085615e-01,9.907126101e-02,7.555812106e-02,5.137923261e-02,2.654477519e-02,1.064991887e-03,-2.504983638e-02,-5.178941732e-02,-7.914347441e-02,-1.071017748e-01,-1.356541576e-01,-1.647905634e-01,-1.945010639e-01,-2.247758923e-01,-2.556054744e-01,-2.869804600e-01,-3.188917558e-01,-3.513305572e-01,-3.842883826e-01,-4.177571064e-01,-4.517289939e-01,-4.861967361e-01
-5.136773916e-01,-4.790013838e-01,-4.448478301e-01,-4.112224499e-01,-3.781314144e-01,-3.455813122e-01,-3.135791162e-01,-2.821321506e-01,-2.512480587e-01,-2.209347714e-01,-1.912004761e-01,-1.620535859e-01,-1.335027106e-01,-1.055566268e-01,-7.822424928e-02,-5.151460375e-02,-2.543679890e-02,-8.507259480e-18,2.478659706e-02,4.891379118e-02,7.237240067e-02,9.515328726e-02,1.172473794e-01,1.386456949e-01,1.593393629e-01,1.793196451e-01,1.985779564e-01,2.171058845e-01,2.348952095e-01,2.519379220e-01,2.682262409e-01,2.837526306e-01,2.985098171e-01,3.124908036e-01,3.256888856e-01,3.380976647e-01,3.497110622e-01,3.605233317e-01,3.705290710e-01,3.797232331e-01,3.881011370e-01,3.956584769e-01,4.023913313e-01,4.082961711e-01,4.133698669e-01,4.176096956e-01,4.210133463e-01,4.235789246e-01,4.253049580e-01,4.261903980e-01,4.262346236e-01,4.254374426e-01,4.237990926e-01,4.213202413e-01,4.180019855e-01,4.138458499e-01,4.088537842e-01,4.030281606e-01,3.963717689e-01,3.888878121e-01,3.805799004e-01,3.714520448e-01,3.615086490e-01,3.507545018e-01,3.391947671e-01,3.268349742e-01,3.136810070e-01,2.997390916e-01,2.850157838e-01,2.695179560e-01,2.532527819e-01,2.362277220e-01,2.184505069e-01,1.999291207e-01,1.806717826e-01,1.606869291e-01,1.399831936e-01,1.185693868e-01,9.645447494e-02,7.364755841e-02,5.015784872e-02,2.599464509e-02,1.167310190e-03,-2.431475488e-02,-5.044213638e-02,-7.720543437e-02,-1.045952900e-01,-1.326024132e-01,-1.612176115e-01,-1.904318194e-01,-2.202361279e-01,-2.506218151e-01,-2.815803780e-01,-3.131035633e-01,-3.451834008e-01,-3.778122356e-01,-4.109827620e-01,-4.446880577e-01,-4.789216181e-01,-5.136773916e-01
-5.406408175e-01,-5.056756174e-01,-4.712587521e-01,-4.373947014e-01,-4.040884234e-01,-3.713453206e-01,-3.391712057e-01,-3.075722693e-01,-2.765550470e-01,-2.461263879e-01,-2.162934231e-01,-1.870635358e-01,-1.584443306e-01,-1.304436049e-01,-1.030693199e-01,-7.632957275e-02,-5.023256922e-02,-2.478659706e-02,-1.303087818e-17,2.411884759e-02,4.756156532e-02,7.031979073e-02,9.238520260e-02,1.137495435e-01,1.344046419e-01,1.543424328e-01,1.735549790e-01,1.920344903e-01,2.097733430e-01,2.267640981e-01,2.429995187e-01,2.584725877e-01,2.731765234e-01,2.871047950e-01,3.002511381e-01,3.126095679e-01,3.241743932e-01,3.349402286e-01,3.449020064e-01,3.540549882e-01,3.623947745e-01,3.699173149e-01,3.766189169e-01,3.824962535e-01,3.875463712e-01,3.917666963e-01,3.951550404e-01,3.977096058e-01,3.994289895e-01,4.003121865e-01,4.003585928e-01,3.995680068e-01,3.979406304e-01,3.954770692e-01,3.921783320e-01,3.880458288e-01,3.830813692e-01,3.772871585e-01,3.706657944e-01,3.632202615e-01,3.549539258e-01,3.458705285e-01,3.359741781e-01,3.252693421e-01,3.137608381e-01,3.014538237e-01,2.883537856e-01,2.744665276e-01,2.597981584e-01,2.443550776e-01,2.281439619e-01,2.111717493e-01,1.934456234e-01,1.749729965e-01,1.557614916e-01,1.358189237e-01,1.151532808e-01,9.377270309e-02,7.168546234e-02,4.889993959e-02,2.542460266e-02,1.267982604e-03,-2.356135057e-02,-4.905481292e-02,-7.520383236e-02,-1.019998752e-01,-1.294344735e-01,-1.574992527e-01,-1.861859608e-01,-2.154864973e-01,-2.453929436e-01,-2.758975931e-01,-3.069929834e-01,-3.386719273e-01,-3.709275462e-01,-4.037533028e-01,-4.371430349e-01,-4.710909902e-01,-5.055918604e-01,-5.406408175e-01
-5.670598639e-01,-5.318014941e-01,-4.971168266e-01,-4.630091365e-01,-4.294822035e-01,-3.965402773e-01,-3.641880441e-01,-3.324305934e-01,-3.012733850e-01,-2.707222176e-01,-2.407831975e-01,-2.114627074e-01,-1.827673770e-01,-1.547040534e-01,-1.272797724e-01,-1.005017306e-01,-7.437725799e-02,-4.891379118e-02,-2.411884759e-02,8.436519057e-18,2.343514803e-02,4.617898612e-02,6.822392029e-02,8.956239558e-02,1.101869178e-01,1.300900749e-01,1.492645571e-01,1.677031769e-01,1.853988882e-01,2.023448042e-01,2.185342155e-01,2.339606069e-01,2.486176733e-01,2.624993355e-01,2.755997549e-01,2.879133473e-01,2.994347964e-01,3.101590664e-01,3.200814137e-01,3.291973981e-01,3.375028928e-01,3.449940946e-01,3.516675323e-01,3.575200749e-01,3.625489390e-01,3.667516952e-01,3.701262739e-01,3.726709707e-01,3.743844500e-01,3.752657489e-01,3.753142797e-01,3.745298316e-01,3.729125719e-01,3.704630463e-01,3.671821779e-01,3.630712662e-01,3.581319848e-01,3.523663777e-01,3.457768563e-01,3.383661939e-01,3.301375204e-01,3.210943154e-01,3.112404016e-01,3.005799357e-01,2.891173999e-01,2.768575919e-01,2.638056138e-01,2.499668606e-01,2.353470077e-01,2.199519974e-01,2.037880245e-01,1.868615213e-01,1.691791415e-01,1.507477435e-01,1.315743724e-01,1.116662417e-01,9.103071355e-02,6.967527884e-02,4.760753596e-02,2.483516893e-02,1.365924700e-03,-2.279241033e-02,-4.763203462e-02,-7.314515654e-02,-9.932402019e-02,-1.261609320e-01,-1.536482881e-01,-1.817786022e-01,-2.105445345e-01,-2.399389212e-01,-2.699548046e-01,-3.005854637e-01,-3.318244460e-01,-3.636655997e-01,-3.961031061e-01,-4.291315131e-01,-4.627457696e-01,-4.969412596e-01,-5.317138374e-01,-5.670598639e-01
-5.929079291e-01,-5.573536410e-01,-5.223978832e-01,-4.880427612e-01,-4.542909107e-01,-4.211454630e-01,-3.886100109e-01,-3.566885756e-01,-3.253855736e-01,-2.947057849e-01,-2.646543215e-01,-2.352365964e-01,-2.064582941e-01,-1.783253404e-01,-1.508438743e-01,-1.240202197e-01,-9.786085776e-02,-7.237240067e-02,-4.756156532e-02,-2.343514803e-02,7.965366158e-18,2.273699669e-02,4.476895230e-02,6.608899191e-02,8.669027731e-02,1.065660281e-01,1.257095421e-01,1.441142151e-01,1.617735598e-01,1.786812241e-01,1.948310087e-01,2.102168840e-01,2.248330061e-01,2.386737326e-01,2.517336368e-01,2.640075218e-01,2.754904343e-01,2.861776764e-01,2.960648176e-01,3.051477064e-01,3.134224798e-01,3.208855734e-01,3.275337302e-01,3.333640083e-01,3.383737889e-01,3.425607821e-01,3.459230335e-01,3.484589283e-01,3.501671963e-01,3.510469152e-01,3.510975130e-01,3.503187701e-01,3.487108203e-01,3.462741511e-01,3.430096031e-01,3.389183687e-01,3.340019896e-01,3.282623544e-01,3.217016941e-01,3.143225775e-01,3.061279060e-01,2.971209068e-01,2.873051255e-01,2.766844187e-01,2.652629440e-01,2.530451508e-01,2.400357693e-01,2.262397991e-01,2.116624963e-01,1.963093607e-01,1.801861210e-01,1.632987201e-01,1.456532990e-01,1.272561801e-01,1.081138491e-01,8.823293711e-02,6.762020080e-02,4.628250231e-02,2.422678820e-02,1.460067552e-03,-2.201061071e-02,-4.617818136e-02,-7.103558714e-02,-9.657580390e-02,-1.227918664e-01,-1.496768951e-01,-1.772241234e-01,-2.054269257e-01,-2.342788465e-01,-2.637736299e-01,-2.939052498e-01,-3.246679408e-01,-3.560562300e-01,-3.880649695e-01,-4.206893688e-01,-4.539250290e-01,-4.877679766e-01,-5.222146985e-01,-5.572621778e-01,-5.929079291e-01
-6.181589862e-01,-5.823072242e-01,-5.470782549e-01,-5.124730497e-01,-4.784931351e-01,-4.451405582e-01,-4.124178523e-01,-3.803280032e-01,-3.488744164e-01,-3.180608850e-01,-2.878915578e-01,-2.583709089e-01,-2.295037070e-01,-2.012949862e-01,-1.737500171e-01,-1.468742786e-01,-1.206734306e-01,-9.515328726e-02,-7.031979073e-02,-4.617898612e-02,-2.273699669e-02,8.237496301e-18,2.202579537e-02,4.333417229e-02,6.391892689e-02,8.377388966e-02,1.028929458e-01,1.212700551e-01,1.388992704e-01,1.557747565e-01,1.718908071e-01,1.872418622e-01,2.018225235e-01,2.156275704e-01,2.286519745e-01,2.408909134e-01,2.523397840e-01,2.629942150e-01,2.728500788e-01,2.819035023e-01,2.901508774e-01,2.975888705e-01,3.042144313e-01,3.100248009e-01,3.150175192e-01,3.191904312e-01,3.225416931e-01,3.250697775e-01,3.267734769e-01,3.276519082e-01,3.277045146e-01,3.269310679e-01,3.253316695e-01,3.229067506e-01,3.196570722e-01,3.155837229e-01,3.106881177e-01,3.049719943e-01,2.984374097e-01,2.910867352e-01,2.829226513e-01,2.739481412e-01,2.641664833e-01,2.535812435e-01,2.421962661e-01,2.300156641e-01,2.170438082e-01,2.032853157e-01,1.887450377e-01,1.734280462e-01,1.573396195e-01,1.404852273e-01,1.228705151e-01,1.045012868e-01,8.538348781e-02,6.552318586e-02,4.492655207e-02,2.359984060e-02,1.549367587e-03,-2.121851069e-02,-4.469742053e-02,-6.888099438e-02,-9.376289510e-02,-1.193368412e-01,-1.455966325e-01,-1.725361774e-01,-2.001495196e-01,-2.284308668e-01,-2.573746197e-01,-2.869754015e-01,-3.172280882e-01,-3.481278400e-01,-3.796701331e-01,-4.118507919e-01,-4.446660224e-01,-4.781124460e-01,-5.121871341e-01,-5.468876427e-01,-5.822120488e-01,-6.181589862e-01
-6.427876097e-01,-6.066379744e-01,-5.711348035e-01,-5.362779696e-01,-5.020679256e-01,-4.685056687e-01,-4.355927062e-01,-4.033310222e-01,-3.717230435e-01,-3.407716083e-01,-3.104799336e-01,-2.808515850e-01,-2.518904455e-01,-2.236006867e-01,-1.959867395e-01,-1.690532659e-01,-1.428051317e-01,-1.172473794e-01,-9.238520260e-02,-6.822392029e-02,-4.476895230e-02,-2.202579537e-02,1.389929905e-17,2.130285214e-02,4.187716996e-02,6.171737400e-02,8.081791682e-02,9.917330266e-02,1.167781063e-01,1.336269914e-01,1.497147278e-01,1.650362086e-01,1.795864658e-01,1.933606863e-01,2.063542258e-01,2.185626232e-01,2.299816138e-01,2.406071413e-01,2.504353702e-01,2.594626965e-01,2.676857577e-01,2.751014430e-01,2.817069016e-01,2.874995509e-01,2.924770841e-01,2.966374763e-01,2.999789908e-01,3.025001837e-01,3.041999085e-01,3.050773198e-01,3.051318753e-01,3.043633385e-01,3.027717795e-01,3.003575756e-01,2.971214103e-01,2.930642725e-01,2.881874545e-01,2.824925487e-01,2.759814440e-01,2.686563212e-01,2.605196477e-01,2.515741709e-01,2.418229115e-01,2.312691549e-01,2.199164430e-01,2.077685638e-01,1.948295413e-01,1.811036237e-01,1.665952712e-01,1.513091425e-01,1.352500812e-01,1.184231002e-01,1.008333664e-01,8.248618325e-02,6.338697399e-02,4.354126252e-02,2.295465431e-02,1.632816224e-03,-2.041854461e-02,-4.319370261e-02,-6.668693653e-02,-9.089255296e-02,-1.158049107e-01,-1.414184460e-01,-1.677276984e-01,-1.947273376e-01,-2.224121912e-01,-2.507772725e-01,-2.798178101e-01,-3.095292774e-01,-3.399074231e-01,-3.709483030e-01,-4.026483111e-01,-4.350042130e-01,-4.680131792e-01,-5.016728187e-01,-5.359812139e-01,-5.709369565e-01,-6.065391825e-01,-6.427876097e-01
-6.667690005e-01,-6.303222124e-01,-5.945449444e-01,-5.594360071e-01,-5.249948146e-01,-4.912213490e-01,-4.581161261e-01,-4.256801610e-01,-3.939149352e-01,-3.628223637e-01,-3.324047634e-01,-3.026648218e-01,-2.736055667e-01,-2.452303363e-01,-2.175427506e-01,-1.905466827e-01,-1.642462315e-01,-1.386456949e-01,-1.137495435e-01,-8.956239558e-02,-6.608899191e-02,-4.333417229e-02,-2.130285214e-02,1.956608671e-17,2.056938424e-02,4.040029035e-02,5.948771818e-02,7.782669720e-02,9.541230547e-02,1.122396878e-01,1.283040731e-01,1.436007916e-01,1.581252902e-01,1.718731482e-01,1.848400921e-01,1.970220091e-01,2.084149602e-01,2.190151934e-01,2.288191544e-01,2.378234984e-01,2.460251000e-01,2.534210628e-01,2.600087285e-01,2.657856843e-01,2.707497710e-01,2.748990891e-01,2.782320050e-01,2.807471556e-01,2.824434529e-01,2.833200876e-01,2.833765318e-01,2.826125408e-01,2.810281546e-01,2.786236980e-01,2.753997804e-01,2.713572944e-01,2.664974140e-01,2.608215915e-01,2.543315538e-01,2.470292981e-01,2.389170863e-01,2.299974388e-01,2.202731274e-01,2.097471676e-01,1.984228092e-01,1.863035275e-01,1.733930117e-01,1.596951544e-01,1.452140387e-01,1.299539251e-01,1.139192378e-01,9.711454928e-02,7.954456459e-02,6.121410484e-02,4.212808941e-02,2.229151759e-02,1.709449217e-03,-1.961301550e-02,-4.167075702e-02,-6.445865840e-02,-8.797162799e-02,-1.122046230e-01,-1.371526741e-01,-1.628109103e-01,-1.891745852e-01,-2.162391039e-01,-2.440000504e-01,-2.724532164e-01,-3.015946299e-01,-3.314205857e-01,-3.619276757e-01,-3.931128206e-01,-4.249733017e-01,-4.575067942e-01,-4.907114004e-01,-5.245856842e-01,-5.591287058e-01,-5.943400578e-01,-6.302199006e-01,-6.667690005e-01
